0 65
0 16
0 108
0 172
0 48
0 114
0 147
0 85
0 58
0 31
1 201
1 170
1 140
1 205
1 142
1 213
1 41
1 120
1 25
1 191
2 131
2 196
2 40
2 201
2 72
2 213
2 153
3 195
3 100
3 176
3 212
3 153
3 125
4 243
4 10
4 146
4 19
4 86
4 217
4 91
4 31
5 132
5 109
5 78
5 208
5 148
5 215
5 90
5 125
6 168
6 172
6 46
6 114
6 154
6 219
6 92
7 225
7 103
7 168
7 73
7 11
7 136
7 117
7 150
7 151
7 187
7 157
7 30
8 43
8 140
8 174
8 15
8 177
8 191
8 62
8 223
9 77
9 110
9 173
9 144
9 241
9 147
9 20
9 245
9 158
10 103
10 137
10 12
10 114
10 245
10 58
10 29
10 159
11 128
11 198
11 34
11 102
11 70
11 172
11 98
11 206
11 241
11 242
11 21
11 182
11 29
12 99
12 71
12 201
12 76
12 143
12 116
12 22
12 23
12 220
12 221
13 112
13 136
13 163
13 61
14 65
14 69
14 225
14 43
14 144
14 18
14 51
14 119
14 189
15 128
15 46
15 175
15 200
15 147
15 78
15 221
16 160
16 133
16 39
16 137
16 202
16 109
16 17
16 19
16 250
16 159
17 135
17 231
17 78
17 81
17 215
17 187
18 64
18 102
18 39
18 137
18 176
18 174
18 214
18 156
19 97
19 227
19 204
19 109
19 87
19 88
19 91
19 60
19 221
20 32
20 169
20 140
20 41
20 90
21 224
21 192
21 100
21 182
21 199
21 200
21 42
21 140
21 141
21 207
21 72
21 148
21 246
21 106
22 244
22 205
23 167
23 237
23 175
23 51
23 187
23 158
24 65
24 166
24 72
24 42
24 114
24 242
24 243
25 205
25 109
25 177
25 52
25 119
25 221
25 30
26 224
26 33
26 102
26 41
26 124
26 223
27 34
27 198
27 241
27 212
27 118
27 126
27 63
28 100
28 200
28 81
28 245
28 218
28 187
28 58
28 95
29 40
29 239
29 240
29 215
29 250
29 42
30 54
30 231
30 84
30 214
30 92
30 127
31 177
31 46
32 96
32 196
32 73
32 175
32 82
32 214
32 151
32 207
33 229
33 167
33 168
33 39
33 77
33 79
33 220
33 159
34 70
34 233
34 74
34 75
34 214
34 153
35 225
35 76
35 139
35 172
35 111
35 140
35 179
35 215
35 159
36 176
36 170
36 243
36 93
36 95
37 164
37 201
37 75
37 172
37 245
37 58
38 141
38 226
38 101
38 221
39 97
39 165
39 201
39 138
39 231
39 77
39 143
39 215
39 73
39 190
40 164
40 168
40 137
40 146
41 162
41 198
41 42
41 85
42 149
42 71
42 136
42 170
42 44
42 141
42 177
42 60
42 53
43 66
43 102
43 201
43 78
43 143
43 210
43 148
43 155
43 189
44 91
44 228
44 138
44 180
44 106
44 246
44 116
44 123
45 112
45 203
45 111
46 139
46 236
46 110
46 113
46 178
46 83
46 118
46 63
46 157
47 179
47 91
47 60
47 205
48 252
48 94
48 207
49 88
49 219
49 158
50 193
50 98
50 227
50 204
50 77
50 206
50 237
50 176
50 155
50 54
50 187
50 94
51 226
51 145
51 58
51 191
52 97
52 226
52 101
52 225
52 202
52 172
52 98
52 174
52 239
52 115
52 110
52 122
53 192
53 129
53 144
53 185
53 216
53 57
54 160
54 155
54 138
54 140
54 206
54 85
54 58
54 187
55 118
55 104
55 238
55 114
55 149
55 182
55 56
55 122
56 137
56 203
56 146
56 88
56 217
56 58
56 90
56 222
56 127
57 135
57 201
57 240
57 145
57 116
57 249
58 193
58 65
58 171
58 59
59 230
59 108
59 112
59 145
59 250
59 62
60 182
60 185
60 93
60 222
61 139
61 206
61 93
61 208
61 156
61 157
62 169
62 83
62 85
62 127
63 97
63 101
63 168
63 220
63 79
63 80
63 115
63 188
64 72
64 236
64 77
64 112
64 147
65 160
65 66
65 163
65 134
65 80
65 220
66 198
67 162
67 141
67 240
67 247
67 187
67 127
68 248
68 210
68 70
69 129
69 131
69 132
69 243
69 78
69 182
69 184
69 220
69 125
69 127
70 224
70 100
70 146
70 122
70 155
71 175
71 112
71 213
71 151
71 207
71 138
72 192
72 103
72 170
72 80
72 252
73 100
73 114
73 83
73 180
73 182
73 88
73 123
73 189
73 94
74 99
75 197
75 172
75 236
75 162
75 89
76 230
76 77
76 177
76 115
76 150
76 211
77 195
77 202
77 160
77 144
77 145
77 178
77 245
77 250
78 163
78 124
78 127
79 233
79 187
79 188
79 254
80 235
80 132
81 98
81 135
81 139
81 240
81 179
81 149
81 182
82 134
82 135
82 233
82 235
82 214
82 219
83 96
83 157
83 209
83 219
83 220
83 93
83 126
84 136
84 86
85 128
85 229
85 107
85 108
85 206
86 207
86 215
86 89
86 222
87 128
87 98
87 167
87 113
87 212
87 124
88 232
88 237
88 152
89 192
89 229
89 112
89 241
89 147
89 126
89 223
90 99
90 102
90 103
90 137
90 202
90 108
90 205
90 143
90 243
90 152
90 188
91 129
91 236
91 248
92 134
92 233
92 170
92 108
92 204
92 149
92 214
92 120
92 123
93 163
93 136
93 107
93 214
93 95
94 128
94 138
94 142
95 163
95 103
95 216
96 99
96 179
96 214
96 122
96 157
96 190
97 195
97 166
97 237
97 227
97 184
97 153
98 164
98 200
98 111
98 116
98 190
99 194
99 198
99 104
99 169
99 205
99 108
99 244
100 224
100 109
100 145
100 249
100 121
101 200
101 115
101 249
101 219
101 156
102 195
102 108
102 170
102 236
102 145
102 211
102 181
102 169
102 187
103 149
103 129
103 175
103 181
103 159
104 201
104 109
104 219
104 124
105 184
105 146
105 228
105 245
105 111
106 130
106 243
106 214
106 245
107 192
107 131
107 203
107 177
107 212
107 216
108 198
108 234
108 238
108 118
109 161
109 169
109 140
109 208
109 119
109 250
109 233
109 124
110 167
110 178
110 215
110 248
110 244
110 254
111 164
111 207
111 241
111 117
112 144
112 196
112 205
112 240
112 210
112 250
113 236
113 143
113 248
113 253
114 212
114 251
114 125
115 192
115 173
115 175
115 150
116 149
116 118
116 190
116 191
117 136
117 247
117 174
118 163
118 228
118 125
118 180
118 122
118 250
119 225
119 162
119 163
119 197
119 236
119 146
119 206
119 125
119 190
120 240
120 173
120 183
121 227
121 138
121 208
121 179
121 151
121 223
122 224
122 148
122 187
123 196
123 153
123 189
124 240
125 161
125 132
125 234
125 145
125 212
125 158
126 226
126 187
126 231
126 168
126 201
126 180
126 182
126 155
127 207
127 178
127 179
128 193
128 162
128 202
128 239
129 236
129 207
129 151
130 135
130 235
130 144
130 213
130 150
130 247
130 188
131 226
131 173
131 152
131 229
132 139
132 254
133 216
133 199
133 151
134 224
134 174
134 155
134 222
135 212
135 183
136 197
136 239
136 159
137 195
137 212
137 213
137 187
137 218
138 196
138 165
138 247
139 206
139 228
140 163
140 232
141 225
141 177
141 151
141 248
141 217
142 232
142 144
142 180
142 214
143 173
143 152
143 231
143 223
144 243
144 182
144 221
145 232
145 209
146 148
146 190
147 236
147 214
147 153
148 183
148 186
148 218
149 245
150 183
151 235
151 169
151 175
151 211
151 247
151 221
152 160
152 161
152 171
152 201
152 203
152 176
152 241
152 157
153 198
153 207
153 159
154 225
154 238
155 238
156 206
156 176
156 216
156 253
156 191
158 232
158 250
159 233
159 177
159 242
159 211
159 251
160 239
160 185
160 222
161 202
162 229
162 231
162 202
162 209
162 243
162 216
162 223
163 166
163 207
163 242
163 183
163 185
164 236
164 243
164 214
164 247
164 222
165 174
165 244
165 246
165 218
165 222
166 239
166 211
166 183
166 250
166 187
167 221
168 193
168 189
169 224
169 209
169 210
169 195
169 214
171 248
171 219
171 186
172 226
172 255
172 253
172 229
173 201
173 176
173 180
173 213
173 188
174 192
174 199
174 189
176 208
176 211
176 188
177 179
177 243
177 250
178 224
178 231
178 251
179 203
179 213
182 205
184 215
185 211
185 186
185 251
185 189
186 192
186 247
187 210
188 236
188 213
189 193
189 191
189 238
189 246
189 223
191 196
191 218
192 224
192 234
192 249
193 253
193 218
194 214
194 246
194 230
195 216
195 248
195 218
195 251
195 254
197 204
198 249
201 230
201 243
202 232
202 250
203 249
205 240
207 254
207 219
207 222
208 230
209 214
210 230
210 252
211 218
214 225
214 254
214 215
219 231
219 222
220 236
221 226
225 237
225 245
225 254
226 232
226 244
226 252
226 255
228 241
232 253
235 242
236 245
237 238
237 245
239 254
242 250
242 252
242 247
243 253
243 250
248 252
