0 8
0 9
0 173
0 14
0 241
0 119
0 56
0 217
0 60
1 98
1 4
1 6
1 135
1 207
1 48
1 210
1 243
2 32
2 163
2 229
2 72
2 42
2 139
2 172
2 45
2 27
3 33
3 227
3 165
3 136
3 236
3 157
3 176
3 148
3 190
3 182
3 249
3 220
3 61
3 30
4 160
4 35
4 138
4 172
4 142
4 113
4 245
4 24
4 62
5 251
5 13
5 206
5 18
5 250
5 91
5 29
5 31
6 226
6 175
6 240
6 242
6 186
6 59
6 61
7 224
7 64
7 169
7 108
7 110
7 209
7 114
8 123
8 172
8 101
9 160
9 195
9 186
9 188
9 222
10 64
10 132
10 104
10 171
10 172
10 78
10 144
10 211
10 186
10 251
10 190
11 195
11 103
11 236
11 211
11 214
11 247
11 120
11 252
11 255
12 195
12 37
12 174
12 83
12 184
12 197
13 104
13 44
13 173
13 247
13 120
14 100
14 231
14 104
14 167
14 236
14 143
14 113
14 119
14 164
14 187
15 64
15 75
15 239
15 22
15 183
15 59
15 156
16 227
16 37
16 39
16 207
16 182
16 24
17 170
17 107
17 109
17 143
17 53
17 118
18 219
18 60
18 229
19 123
19 69
19 49
19 22
19 152
19 121
19 91
19 221
20 57
20 122
20 84
20 135
21 66
21 99
21 196
21 76
21 46
21 239
21 23
21 90
21 188
21 154
22 128
22 208
22 100
22 168
22 240
22 213
22 86
23 161
23 43
23 140
23 77
23 112
23 180
23 244
23 29
23 62
23 181
24 129
24 66
24 195
24 197
24 147
24 30
25 198
25 230
25 49
25 50
25 249
25 27
25 253
25 255
26 100
26 235
26 173
26 248
26 245
26 87
26 120
26 30
26 85
27 123
27 136
27 202
27 204
27 109
27 91
27 138
27 95
28 128
28 68
28 168
28 105
28 241
28 180
28 59
28 95
29 225
29 162
29 150
29 168
29 34
29 144
29 83
29 180
29 54
30 225
30 130
30 73
30 42
30 237
30 82
30 179
30 152
30 59
31 33
31 103
31 171
31 215
31 125
32 170
32 236
32 34
32 86
32 90
33 99
33 229
33 214
33 249
33 250
34 72
34 244
34 41
35 197
35 166
35 234
35 82
35 85
35 246
35 151
35 56
35 249
35 186
35 188
35 255
36 193
36 66
36 134
36 169
36 170
36 98
36 48
36 243
36 255
37 133
37 40
37 215
37 141
37 241
37 146
37 55
37 249
37 190
38 210
38 187
38 61
38 230
38 135
39 228
39 138
39 178
39 148
39 55
39 58
39 218
39 158
40 97
40 132
40 137
40 47
40 210
41 193
41 197
41 108
41 172
41 249
41 157
42 100
42 204
42 233
42 139
42 172
42 238
42 82
42 244
43 98
43 232
43 137
43 119
43 177
43 63
43 221
43 159
44 156
44 61
44 176
44 242
44 215
44 153
44 124
44 253
44 95
45 69
45 199
45 106
45 77
45 208
45 241
45 147
45 133
46 112
46 48
46 143
46 151
47 224
47 104
47 206
48 137
48 107
48 237
48 211
48 181
48 228
48 122
48 155
48 63
49 108
49 236
49 148
49 159
50 192
50 134
50 105
50 119
50 142
50 153
50 152
50 63
51 128
51 65
51 220
51 207
51 105
51 117
51 87
51 57
51 188
52 70
52 167
52 234
52 79
52 80
52 145
52 150
52 88
52 253
53 192
53 138
53 203
53 213
53 119
53 217
53 95
54 129
54 134
54 233
54 235
54 88
54 59
54 188
55 104
55 137
55 171
55 76
55 112
55 114
55 153
56 129
56 133
56 166
56 173
56 114
56 222
57 65
57 66
57 228
57 78
57 189
57 110
57 125
58 129
58 162
58 99
58 102
58 108
58 215
58 251
58 189
59 74
59 62
59 117
60 228
60 73
60 176
60 213
60 91
60 255
61 103
61 141
61 78
61 79
61 117
61 120
61 157
62 130
62 226
62 77
62 212
62 86
62 250
62 91
63 134
63 104
63 113
63 187
64 139
64 140
65 129
65 196
65 199
65 139
65 144
65 146
65 246
65 247
66 163
66 166
66 238
66 111
66 210
66 151
66 123
67 184
67 235
67 237
67 150
67 215
68 135
68 105
68 140
68 93
68 159
69 160
69 228
69 231
69 72
69 106
69 236
69 232
69 86
70 238
70 253
70 198
70 165
71 187
71 155
71 93
71 158
72 202
72 175
72 177
72 243
72 84
72 182
72 183
72 218
73 76
73 101
74 251
74 167
74 92
74 170
74 76
74 84
74 106
74 86
74 89
74 220
74 221
75 226
75 166
75 202
75 77
75 149
75 185
75 221
76 165
76 170
76 110
76 116
77 170
77 81
77 117
77 118
78 194
78 202
78 145
78 246
78 154
78 188
79 196
79 167
79 204
79 189
79 83
79 117
79 228
79 223
80 113
80 167
80 145
80 139
80 144
80 241
80 211
80 92
81 225
81 105
81 113
81 251
81 222
82 161
82 174
82 238
82 153
82 154
82 93
83 96
83 135
83 125
83 114
83 245
83 154
84 198
84 167
84 172
84 112
84 184
85 127
85 165
85 199
86 103
86 201
86 113
86 94
86 90
87 102
87 252
87 174
87 185
87 156
87 250
88 91
88 173
88 205
89 160
89 165
89 166
89 245
89 184
89 252
90 237
90 182
91 196
91 252
92 96
92 129
93 253
93 112
93 184
93 175
93 189
94 200
94 195
94 140
94 182
95 192
95 193
95 251
95 102
95 184
95 121
95 155
95 188
95 190
96 229
96 200
96 233
96 142
96 120
96 250
97 194
97 179
97 164
98 137
98 110
98 145
98 246
98 218
98 220
98 222
99 200
99 138
99 205
99 186
100 198
100 230
100 178
101 226
101 229
101 138
101 210
101 179
101 245
101 223
102 196
102 111
102 177
102 216
102 125
103 163
103 134
103 200
103 106
103 140
103 209
103 221
104 147
104 186
106 248
106 189
107 160
107 195
107 152
107 221
107 255
108 162
108 166
108 234
108 240
108 181
108 137
108 152
109 198
109 118
109 126
109 159
110 137
110 112
110 169
110 220
111 228
111 138
111 173
111 237
111 176
112 174
112 211
112 118
112 122
112 187
112 151
113 203
113 205
113 151
114 230
114 116
114 254
114 154
114 222
115 184
115 124
115 118
115 223
116 131
116 201
116 120
116 250
117 192
117 226
117 169
117 206
117 221
117 245
117 247
117 124
117 255
118 131
118 232
118 143
118 211
118 181
118 250
118 175
118 156
118 189
119 207
120 202
120 146
120 246
121 162
121 163
121 147
121 209
121 150
122 232
122 240
122 153
122 127
123 251
123 186
123 221
124 225
124 233
124 149
124 182
124 248
124 254
125 165
125 137
125 145
125 150
125 190
126 153
126 139
126 244
127 208
127 249
128 196
128 172
128 181
128 253
129 231
129 137
129 239
129 179
130 239
130 214
130 251
130 252
130 255
131 173
131 207
131 214
131 188
132 255
133 154
134 144
134 179
135 202
135 237
135 150
135 187
136 144
136 164
136 224
137 161
137 238
137 251
138 195
138 237
138 214
139 167
139 177
139 212
140 177
140 183
140 157
141 194
141 195
141 175
141 249
142 226
142 182
142 156
143 225
143 243
143 233
143 179
143 221
144 167
144 202
144 206
144 213
145 148
145 255
146 192
146 199
146 201
147 169
147 245
147 249
147 250
147 158
147 255
148 241
149 230
149 199
149 246
149 253
150 229
150 206
150 243
150 249
150 165
151 190
152 201
152 236
152 185
153 235
154 165
154 210
155 161
155 162
155 170
155 236
155 209
155 183
156 192
156 169
156 249
157 182
158 194
158 210
158 182
158 187
159 197
159 209
159 232
159 244
159 216
160 196
160 240
161 194
161 167
161 223
162 165
162 177
162 215
163 169
163 174
163 175
163 248
164 217
164 190
164 223
165 196
165 205
166 208
166 248
167 201
168 228
168 197
168 236
169 182
169 251
170 197
170 214
170 188
170 255
171 225
171 193
171 209
171 187
172 235
172 173
172 207
172 201
172 186
173 231
174 192
174 208
174 199
175 205
175 247
175 188
176 205
176 211
176 187
176 221
177 231
177 210
178 236
178 251
179 228
179 214
179 183
179 251
181 225
181 200
181 182
181 218
181 187
181 208
182 234
182 206
182 244
182 238
183 243
183 222
184 197
184 212
185 209
185 228
186 193
186 230
186 239
187 202
187 255
188 196
188 215
189 242
189 210
190 226
190 211
190 196
191 218
191 229
191 214
192 197
192 234
192 255
193 233
193 247
194 248
195 236
196 224
196 234
196 236
197 225
198 212
198 244
198 231
198 216
199 207
200 232
202 232
202 207
202 251
203 232
203 229
206 223
207 255
208 237
208 247
209 224
209 227
209 235
209 215
210 255
211 241
212 226
212 216
213 227
214 247
214 222
215 249
215 255
216 227
217 244
218 249
220 241
222 251
223 233
223 246
224 238
225 232
225 251
226 235
226 254
227 232
227 244
228 250
229 248
234 247
235 250
237 240
238 242
238 245
241 255
244 248
