0 133
0 39
0 107
0 173
0 205
0 147
0 125
0 62
1 193
1 200
1 10
1 136
1 116
1 150
1 127
2 133
2 135
2 73
2 108
2 173
2 205
2 81
2 147
2 57
2 218
2 165
3 184
3 255
3 142
3 166
3 183
4 202
4 135
5 98
5 228
5 101
5 71
5 46
5 19
5 21
5 88
5 90
6 171
6 101
6 107
6 140
6 175
6 184
6 126
7 128
7 226
7 41
7 130
7 141
7 147
7 85
7 123
7 93
8 192
8 168
8 236
8 108
8 45
8 173
8 176
8 50
8 244
8 118
8 58
8 252
8 159
9 188
9 43
9 252
9 86
9 55
10 104
10 73
10 139
10 45
10 168
10 56
10 220
10 126
11 33
11 187
11 97
11 146
11 35
11 27
11 189
11 127
12 192
12 72
12 170
12 237
12 168
12 183
12 42
13 70
13 46
13 48
13 180
13 174
13 126
14 161
14 200
14 139
14 109
14 116
14 87
14 154
14 223
15 249
15 46
15 57
16 97
16 167
16 109
16 178
16 86
16 25
16 124
17 128
17 66
17 137
17 42
17 174
17 240
17 114
17 115
17 84
17 158
17 56
17 123
17 220
17 222
18 193
18 45
18 207
18 180
18 246
18 25
18 91
18 95
19 162
19 40
19 203
19 20
19 117
19 23
20 51
20 102
20 166
20 41
20 125
20 116
20 213
20 121
20 189
20 62
21 137
21 76
21 140
21 26
21 254
21 255
22 36
22 133
22 202
22 109
22 114
22 116
23 229
23 70
23 43
23 174
23 241
23 116
23 150
24 100
24 166
24 210
24 177
24 114
24 57
25 68
25 33
25 132
25 104
25 139
25 79
25 145
25 243
25 121
25 168
25 31
26 129
26 70
26 136
26 112
26 213
26 214
26 250
26 85
27 184
27 81
27 229
28 128
28 97
28 35
28 36
28 208
28 47
28 112
28 190
28 95
29 96
29 225
29 130
29 197
29 54
29 121
29 251
29 94
30 160
30 97
30 130
30 45
30 78
30 207
30 51
30 181
30 216
30 91
30 159
31 66
31 202
31 139
31 238
31 221
31 61
32 99
32 207
32 83
32 182
32 90
32 186
33 225
33 67
33 136
33 74
33 141
33 43
33 178
33 156
34 225
34 82
34 110
34 134
35 138
35 139
35 94
36 194
36 227
36 234
36 176
36 114
36 243
36 184
36 185
36 155
36 125
37 98
37 99
37 229
37 232
37 197
37 114
37 252
37 127
38 98
38 228
38 54
39 194
39 101
39 40
39 105
39 106
39 140
39 207
39 213
39 89
39 188
39 62
40 224
40 115
40 196
40 212
40 59
40 252
40 255
41 68
41 147
41 119
41 59
41 92
42 225
42 131
42 135
42 75
42 238
42 247
42 218
42 252
43 103
43 71
43 82
43 88
43 185
43 123
43 254
44 65
44 136
44 233
44 170
44 79
44 47
44 253
44 159
45 130
45 58
45 187
46 139
46 176
46 211
46 214
46 222
47 161
47 220
47 106
47 188
47 118
47 187
48 227
48 228
48 231
48 136
48 76
48 143
48 156
49 226
49 229
49 200
49 202
49 110
49 179
50 161
50 108
50 119
50 76
50 77
50 110
50 241
50 148
50 89
50 217
50 58
50 189
50 255
51 97
51 228
51 234
51 174
51 52
51 119
51 219
51 156
51 253
52 112
52 67
52 222
53 131
53 199
53 74
53 139
53 59
53 55
53 187
54 200
54 236
54 206
54 117
54 56
54 92
55 160
55 101
55 205
55 242
55 214
55 87
55 184
55 191
55 254
55 69
56 96
56 225
56 204
56 79
56 83
57 218
57 126
58 203
58 197
58 166
58 107
58 207
58 117
58 121
58 143
58 159
59 100
59 143
59 214
59 247
59 88
59 159
59 126
59 223
60 129
60 253
61 96
61 65
61 166
61 134
61 201
61 142
61 181
61 89
62 138
62 107
62 110
62 148
62 246
62 154
62 220
63 192
63 196
63 134
63 73
63 76
63 244
63 217
63 100
63 233
63 253
63 254
64 161
64 146
64 99
64 138
64 167
65 99
65 104
65 73
65 170
65 112
65 211
65 119
65 90
65 126
65 159
66 131
66 68
66 147
66 214
66 215
66 132
67 138
67 84
67 125
68 99
68 102
68 195
68 150
68 184
68 126
69 165
69 178
69 227
69 138
70 198
70 171
70 109
70 118
70 249
70 158
71 73
71 108
71 205
71 213
71 218
72 164
72 229
72 110
72 179
72 181
72 150
72 158
73 231
73 109
73 84
73 159
73 252
74 138
74 139
74 207
74 178
74 216
74 154
75 224
75 104
75 179
75 118
75 88
75 185
75 124
75 223
76 132
76 107
76 142
76 240
76 214
76 121
77 194
77 201
77 171
77 142
77 246
77 248
78 112
78 135
78 80
78 116
78 121
78 253
79 115
79 165
79 195
79 87
79 177
79 83
79 215
79 101
79 127
80 100
80 198
80 102
80 240
80 245
81 187
81 103
81 172
81 179
82 225
82 231
82 105
82 149
83 169
83 234
83 174
84 230
84 232
84 173
85 176
85 242
85 245
86 200
86 156
86 189
87 226
87 231
88 199
88 207
88 179
88 235
88 122
88 127
89 195
89 168
89 213
90 163
90 227
90 243
90 180
90 215
90 133
91 164
91 107
91 140
91 111
91 112
91 212
91 181
92 162
92 199
92 235
92 205
92 212
92 223
93 194
93 134
93 172
93 235
93 204
93 179
93 148
93 255
94 162
94 102
94 154
94 223
95 131
95 202
95 139
95 214
95 124
95 157
96 97
96 200
96 170
96 236
96 136
96 146
96 147
96 244
96 119
97 106
97 172
97 208
97 150
98 129
98 228
98 197
98 247
98 243
98 244
98 149
98 217
98 121
98 250
98 254
99 229
99 228
99 223
100 232
100 168
100 248
100 136
100 221
100 126
101 227
101 104
101 112
101 243
101 218
102 199
102 238
102 211
102 126
102 219
103 205
103 175
103 176
103 143
103 223
104 164
104 177
104 169
104 206
104 241
105 217
105 175
106 198
106 154
106 155
106 221
107 163
107 134
107 135
107 234
107 109
107 208
107 177
107 158
108 166
108 134
108 135
108 172
108 208
108 151
108 157
109 168
109 141
109 205
109 212
109 119
110 168
111 112
111 136
111 180
111 238
112 161
112 233
112 140
112 179
113 145
113 250
113 166
114 199
114 168
114 173
114 116
115 124
115 237
115 207
115 252
116 213
116 180
117 220
117 206
117 240
117 210
117 249
117 188
117 250
117 254
118 136
119 165
119 245
119 247
119 216
119 217
119 179
119 123
120 152
120 233
120 239
120 252
120 231
121 196
121 201
121 141
121 206
121 253
121 191
122 201
122 213
122 126
123 176
123 249
123 190
124 208
124 237
124 173
124 146
124 150
124 125
125 219
126 230
126 199
126 201
126 185
127 230
127 138
127 213
127 151
127 189
128 170
129 198
129 236
129 249
130 170
130 183
130 250
131 251
132 138
132 152
132 159
133 140
133 205
133 247
133 252
134 201
134 246
134 152
134 153
135 197
135 140
135 243
135 250
135 188
136 196
136 241
136 147
136 247
137 160
137 198
137 209
137 148
137 251
137 191
138 160
138 235
138 204
138 177
138 210
138 243
139 213
139 229
139 221
139 252
139 158
140 198
140 206
140 248
141 229
141 235
141 212
142 231
142 234
142 206
142 145
142 181
143 243
143 230
143 200
143 211
143 152
144 231
144 242
144 158
144 155
144 220
144 222
145 222
146 149
147 233
147 222
148 161
148 182
148 230
148 236
148 173
148 246
148 152
149 226
149 205
149 208
150 226
150 230
150 201
150 181
151 175
151 252
151 221
152 211
152 196
153 178
153 236
153 206
154 245
154 234
154 242
154 191
155 194
155 246
155 184
156 224
157 252
157 230
157 159
158 160
158 167
158 195
159 196
159 177
159 190
160 192
160 230
160 231
160 232
160 247
160 220
161 195
161 172
161 187
162 186
163 193
163 174
163 255
164 169
164 235
164 176
165 167
165 208
165 216
165 219
165 220
166 239
166 179
166 180
167 202
167 213
167 249
168 183
168 243
168 253
169 179
169 233
169 218
169 223
171 239
171 176
171 242
172 230
172 181
173 204
173 238
174 244
174 222
175 228
175 209
175 213
175 190
176 225
176 219
176 178
176 247
178 226
178 250
179 193
179 195
179 232
179 254
180 225
180 231
180 213
181 231
181 241
182 184
182 228
183 203
183 195
184 201
184 203
184 187
184 218
185 251
186 198
186 215
187 243
188 236
188 213
189 211
189 245
191 195
191 221
191 253
192 237
192 207
192 248
194 223
195 224
195 225
195 226
196 227
196 241
197 227
197 199
197 209
200 227
200 232
201 242
201 211
202 231
202 223
204 232
205 246
205 248
205 218
205 223
206 224
206 208
206 244
208 242
208 254
209 210
210 244
210 253
212 247
213 214
214 255
215 228
215 248
217 225
218 229
219 224
219 248
220 221
221 238
221 243
221 254
223 231
224 249
225 229
225 236
227 237
236 244
236 255
238 250
244 250
250 255
251 253
