0 96
0 196
0 7
0 104
0 9
0 106
0 108
0 115
0 159
0 28
0 125
0 191
1 99
1 102
1 233
1 170
1 140
1 109
1 243
1 137
1 58
1 156
1 95
2 40
2 160
2 174
2 22
2 8
3 10
3 141
3 173
3 115
3 120
3 90
3 91
3 158
4 64
4 65
4 164
4 11
4 19
4 250
4 126
5 128
5 226
5 37
5 6
5 235
5 108
5 176
5 241
5 23
5 56
6 169
6 209
6 118
6 215
6 251
7 105
7 203
7 115
7 180
7 218
7 221
8 203
8 15
8 81
8 211
8 181
8 21
8 53
9 128
9 132
9 77
9 239
9 112
9 55
9 249
9 252
9 222
10 161
10 234
10 11
10 111
10 120
10 202
11 34
11 164
11 235
11 180
11 150
11 23
11 184
11 25
11 63
12 225
12 163
12 104
12 202
12 116
12 85
13 101
13 47
13 17
13 242
13 153
13 27
13 60
13 223
14 76
14 239
14 178
14 185
14 28
14 94
15 69
15 134
15 88
15 148
15 120
15 121
15 126
16 230
16 72
16 76
16 177
16 149
16 184
16 185
16 90
16 26
17 192
17 227
17 68
17 200
17 143
17 22
17 24
18 225
18 179
18 42
18 108
18 208
18 147
18 86
18 121
18 218
18 63
19 68
19 234
19 109
19 238
19 177
19 158
19 164
19 219
19 156
20 138
20 163
20 228
20 215
20 79
21 65
21 69
21 42
21 112
21 210
21 58
21 90
21 245
21 122
21 29
21 222
21 255
22 32
22 232
22 204
22 110
22 117
22 214
22 55
22 254
23 133
23 98
23 172
23 114
23 147
23 69
24 181
24 230
24 135
24 73
24 138
24 171
24 213
24 62
24 154
24 254
24 127
25 160
25 97
25 107
25 165
25 230
25 202
25 173
25 43
25 146
25 153
26 193
26 46
26 56
26 152
26 122
26 60
26 250
26 158
27 96
27 219
27 150
28 39
28 201
28 108
28 243
28 151
28 123
28 189
29 167
29 103
29 146
29 57
29 58
30 67
30 43
30 44
30 242
30 120
30 75
30 92
30 222
31 187
31 103
31 199
31 108
31 239
31 59
32 69
32 230
32 167
32 45
32 245
32 218
33 248
33 186
33 45
33 166
34 68
34 86
34 137
34 74
34 142
34 111
34 246
34 255
35 102
35 94
35 182
35 119
36 74
36 172
36 61
36 253
36 209
36 213
36 182
36 87
36 121
36 156
36 221
37 197
37 172
37 110
37 143
37 240
37 243
37 244
37 46
37 58
38 192
38 193
38 167
38 201
38 170
38 207
38 92
39 187
39 165
39 169
39 142
39 241
39 83
39 148
39 154
39 91
39 223
40 131
40 42
40 194
40 175
40 181
40 55
40 155
40 94
41 76
41 46
41 93
41 183
41 157
41 159
42 65
42 243
42 51
42 182
42 90
42 191
43 68
43 200
43 170
43 110
43 190
43 53
43 55
43 100
44 246
44 99
44 142
44 207
45 102
45 174
45 146
45 180
45 191
46 199
46 235
46 209
47 229
47 136
47 183
47 77
47 57
47 89
47 94
48 192
48 49
48 106
48 196
48 218
49 208
49 105
49 93
49 101
50 199
50 234
50 238
50 61
50 157
50 191
51 97
51 200
51 107
51 175
51 179
51 220
52 64
52 66
52 232
52 212
52 180
52 253
53 129
53 163
53 101
53 78
53 154
53 250
53 255
54 102
54 176
54 146
54 211
54 150
54 55
54 158
55 226
55 199
55 103
55 238
55 245
55 187
55 118
56 125
56 111
57 104
57 139
57 206
57 208
57 117
57 213
58 131
58 202
58 143
58 146
58 122
58 63
59 228
59 103
59 111
59 213
59 218
59 158
60 224
60 196
60 229
60 216
60 82
60 120
61 67
61 166
61 240
61 118
61 87
61 94
62 121
62 236
63 237
63 81
63 117
63 246
63 248
63 218
63 159
64 67
64 164
64 136
64 105
64 114
64 241
64 82
64 220
64 152
64 92
65 136
65 114
65 141
65 82
65 246
65 154
65 124
65 190
65 191
66 228
66 199
66 151
66 115
66 212
66 87
67 228
67 229
67 78
67 147
67 110
67 86
67 187
68 203
68 134
68 103
68 136
68 76
68 154
68 221
68 254
69 204
69 142
69 82
69 147
69 119
69 175
69 95
70 208
70 80
70 148
70 142
70 121
71 129
71 101
71 237
71 208
71 253
71 159
72 225
72 82
72 219
72 245
73 177
73 113
73 179
73 244
73 221
73 254
74 129
74 196
74 173
74 91
74 222
75 238
75 147
75 212
75 118
75 88
76 225
76 137
76 143
76 149
76 214
76 218
76 92
77 193
77 133
77 202
77 233
78 173
78 143
78 177
78 244
78 118
78 120
79 81
79 250
79 215
80 203
80 108
80 212
80 120
80 221
81 224
81 195
81 228
81 169
81 125
81 211
81 246
81 185
81 93
82 97
82 101
82 206
82 208
82 241
82 181
82 87
83 224
83 221
83 210
83 243
83 150
83 253
84 171
84 175
84 227
84 173
84 159
85 153
85 95
86 233
86 237
86 144
87 128
87 139
87 221
88 201
88 138
88 144
88 210
88 115
88 124
89 192
89 223
89 221
89 190
90 225
90 100
90 247
90 109
90 183
91 111
92 98
92 139
92 103
92 136
92 171
92 238
92 113
92 212
92 95
93 224
93 163
94 147
94 229
94 115
94 246
95 104
95 121
96 98
96 134
96 142
96 212
96 184
96 255
97 160
97 140
97 182
97 185
97 157
97 159
98 161
98 242
99 193
99 104
99 240
99 250
100 231
100 117
100 190
100 191
101 200
101 242
101 207
101 244
101 221
102 182
102 174
102 252
103 196
103 200
103 105
103 164
103 136
103 182
103 119
103 168
104 164
104 135
104 173
104 179
104 182
104 153
105 225
105 213
105 183
106 248
106 114
106 188
107 164
107 168
107 141
107 200
107 210
108 201
108 172
109 241
109 188
109 221
109 126
110 143
110 180
110 245
110 184
110 187
110 156
111 205
111 151
111 126
112 236
112 180
113 131
113 132
113 211
113 120
113 221
113 191
114 162
114 197
114 221
114 165
115 192
115 135
116 133
116 234
116 237
116 144
116 209
116 183
116 152
117 225
117 164
117 231
117 189
118 244
118 247
119 181
119 234
120 194
120 123
120 180
120 217
120 223
120 159
121 146
121 246
121 207
121 158
122 193
122 166
122 236
122 188
122 245
123 143
123 180
123 148
123 124
124 236
124 158
125 193
125 136
125 138
125 172
125 141
125 143
125 157
125 232
125 181
125 251
125 202
126 166
126 216
127 227
127 167
127 139
127 174
127 177
128 160
128 198
128 178
128 166
129 224
129 165
129 209
130 216
130 210
130 212
130 234
130 189
131 192
131 220
131 218
131 156
131 190
132 147
132 250
132 222
132 191
133 231
133 169
133 209
133 245
133 246
134 216
135 225
135 227
135 215
135 185
135 154
136 250
137 248
138 162
138 229
138 238
138 242
138 179
138 215
138 180
138 250
138 254
139 228
139 201
139 144
139 156
139 184
139 250
139 189
140 152
140 251
141 170
141 142
141 182
142 203
142 173
142 245
142 159
142 190
142 191
143 162
143 196
143 229
143 232
143 175
143 149
143 214
143 154
143 189
143 150
144 203
144 197
144 182
145 177
145 230
145 151
146 224
146 218
147 178
147 227
147 248
147 155
147 165
148 162
148 163
148 235
148 174
150 218
151 229
151 201
151 241
151 212
152 162
152 196
152 234
152 209
152 185
152 186
153 161
153 213
154 187
154 239
154 222
155 235
155 253
156 163
156 228
157 198
157 236
157 207
158 217
159 193
159 207
159 209
159 187
159 222
160 195
160 196
160 232
160 173
160 182
160 215
161 228
161 230
161 201
161 170
162 163
162 166
162 200
162 227
163 177
163 245
164 194
164 199
164 217
165 167
166 171
166 207
166 176
166 213
167 225
167 229
168 224
168 201
168 205
168 242
169 237
169 238
169 216
171 228
171 244
172 233
172 174
172 248
173 230
173 175
173 176
173 214
173 186
174 240
174 247
174 221
175 200
175 254
176 239
176 209
176 220
177 192
177 211
177 231
177 186
178 237
179 224
179 199
179 231
179 204
179 214
179 185
180 240
180 227
180 203
180 248
180 242
180 252
181 227
181 209
181 204
181 189
181 248
182 196
182 225
182 234
183 241
184 194
184 189
186 198
186 245
187 202
189 229
189 240
190 236
190 207
190 251
190 223
191 226
191 192
192 231
193 194
194 244
195 241
195 207
196 215
196 219
196 223
197 238
197 199
198 203
198 207
198 217
199 200
199 251
199 220
199 221
200 212
201 218
202 232
202 249
202 218
202 250
202 234
202 223
203 240
205 230
205 231
205 212
205 249
208 232
208 248
208 219
209 214
209 217
209 252
210 238
211 225
212 228
212 218
213 243
213 219
214 217
215 233
215 243
217 224
218 228
218 219
222 250
222 255
226 239
226 250
226 254
227 240
235 244
236 251
237 255
238 240
238 252
240 243
240 246
240 250
241 243
242 243
242 251
248 249
249 254
