0 40
0 70
1 152
1 120
2 190
3 166
4 91
4 155
4 20
5 24
6 253
7 42
8 202
8 191
9 147
10 107
11 105
12 29
13 48
13 224
13 170
13 180
14 174
14 255
15 216
15 123
16 109
16 54
17 160
17 34
17 75
17 117
18 181
19 61
19 103
20 136
20 150
21 195
21 230
22 129
23 251
23 203
23 215
24 249
25 29
25 239
26 83
26 101
27 244
27 37
27 222
28 245
29 218
30 161
31 82
32 100
32 166
33 66
35 86
36 81
37 250
37 86
37 62
38 75
39 218
40 115
40 214
41 191
42 48
42 93
43 164
44 56
45 98
45 149
46 192
46 121
47 194
48 99
48 136
48 182
48 95
49 155
49 151
50 93
51 177
51 87
51 253
51 191
52 183
53 91
53 205
54 166
55 249
56 88
57 96
57 113
57 198
58 171
58 229
58 183
59 220
60 138
61 165
62 211
63 137
63 138
63 103
64 65
65 177
66 192
67 219
67 165
67 142
68 209
68 107
68 93
69 222
71 208
71 162
71 147
72 92
72 79
73 108
73 189
74 125
76 223
77 111
78 93
80 92
81 129
81 199
81 110
81 117
81 252
82 141
82 231
83 170
84 100
85 123
87 232
87 249
87 228
87 135
88 236
89 217
89 229
90 245
91 233
92 198
93 131
94 113
95 221
97 112
97 164
98 170
98 243
98 207
99 163
102 170
104 224
105 107
106 152
106 136
107 226
108 201
109 167
110 168
111 243
112 248
112 191
114 131
115 255
116 209
116 238
117 196
118 165
118 143
119 144
119 178
119 158
121 145
121 154
121 197
122 157
124 239
124 231
125 165
125 181
126 195
127 236
128 148
128 142
129 154
129 219
130 187
130 236
130 142
132 200
132 237
133 234
133 221
134 240
134 156
134 245
137 216
137 227
137 222
139 230
139 246
140 182
142 240
146 253
146 206
146 223
147 167
151 198
153 162
154 176
154 214
155 167
157 186
158 171
158 213
159 204
161 251
165 235
165 190
169 195
170 175
171 242
172 184
172 183
173 214
175 220
176 254
177 251
178 185
179 204
180 230
183 246
185 188
186 225
190 204
192 194
193 230
194 241
200 247
201 242
210 219
212 246
213 247
213 223
218 241
223 225
224 252
