0 251
0 206
1 155
1 141
1 246
2 138
3 205
3 183
4 91
4 142
4 239
5 144
5 229
6 142
7 96
8 208
8 71
8 35
8 143
9 57
9 25
9 15
10 229
11 171
12 241
12 188
12 79
13 69
14 176
14 57
16 90
17 97
18 107
19 215
19 175
20 81
20 59
20 60
21 250
21 90
21 187
21 173
22 185
23 33
24 177
25 173
25 213
26 139
26 94
27 104
28 120
29 210
30 113
30 191
31 124
32 134
33 190
34 200
34 113
34 152
36 126
37 170
38 205
39 108
40 208
40 178
41 138
42 144
42 162
42 164
43 215
44 120
44 247
45 216
45 60
46 209
47 250
47 181
48 178
49 112
49 154
50 154
51 132
52 201
53 73
53 238
53 207
54 67
55 78
56 218
56 76
57 145
58 59
61 130
62 233
62 82
63 218
63 122
63 211
63 173
64 169
64 234
64 90
65 137
65 138
66 210
66 174
67 125
68 129
69 153
70 176
71 227
72 201
72 195
72 158
72 225
73 179
74 244
74 114
74 148
75 105
75 243
75 131
75 113
76 88
77 167
78 134
78 207
79 204
79 122
80 243
81 222
82 95
83 188
84 112
84 99
84 190
85 237
86 122
87 125
89 161
89 117
90 135
90 101
91 216
92 125
92 246
93 207
94 98
94 133
94 238
96 140
96 132
97 187
97 221
99 184
99 116
99 223
100 104
102 114
102 110
103 210
104 192
104 150
104 219
105 227
106 168
106 193
106 127
107 210
107 182
108 249
108 214
109 215
111 145
111 115
112 206
114 248
115 161
116 236
117 224
117 194
118 224
119 149
119 126
119 231
120 249
121 122
122 172
123 141
124 160
124 242
124 254
127 237
128 209
129 212
129 236
130 171
130 134
132 133
134 150
134 255
136 239
138 222
140 203
141 185
142 171
142 243
146 232
147 183
148 156
149 163
150 172
151 198
153 198
154 186
155 195
157 187
159 202
160 209
160 235
160 223
161 252
163 202
164 222
165 203
166 254
167 210
168 253
170 200
174 217
174 183
175 197
175 198
177 184
177 179
177 230
180 224
187 233
189 200
195 253
196 228
196 199
197 240
202 226
203 240
210 232
220 221
224 232
226 233
228 248
229 245
239 244
239 247
242 246
