0 233
0 241
0 143
1 219
2 44
2 130
2 140
2 157
3 68
4 120
4 229
5 129
6 171
7 25
7 146
7 119
8 248
8 146
8 163
9 113
9 169
10 229
11 40
11 223
12 154
12 126
13 72
13 74
13 124
14 50
15 32
15 195
16 98
17 102
18 243
19 248
19 181
20 233
20 30
21 230
22 91
23 97
23 36
24 44
25 123
26 58
27 179
27 237
27 230
28 190
29 84
30 55
31 117
31 71
32 48
32 99
33 89
33 227
34 193
34 253
34 165
35 130
35 98
36 65
36 93
37 210
37 203
37 238
38 167
39 229
40 91
41 182
42 237
43 231
44 231
44 76
44 240
44 190
45 101
46 130
46 67
47 72
47 188
48 65
48 68
49 124
50 187
50 140
51 240
51 59
52 213
53 166
54 115
54 118
55 117
56 176
56 92
57 64
57 86
57 103
58 89
58 252
60 131
61 171
62 133
63 161
63 84
64 254
64 166
64 207
65 105
65 127
66 187
68 147
69 81
69 186
69 115
70 129
71 115
72 79
73 106
73 166
74 89
74 122
75 121
75 186
75 161
76 189
77 113
77 191
78 197
79 218
79 196
79 133
79 170
80 207
81 213
82 211
83 224
84 112
84 209
84 221
85 125
87 213
88 212
89 115
90 117
91 204
92 144
94 226
95 245
96 228
96 237
98 234
98 148
99 177
100 202
100 127
101 190
101 191
102 184
102 202
103 242
104 140
106 144
106 225
107 110
108 168
109 172
109 239
110 215
111 151
112 211
112 253
113 219
114 253
114 134
115 178
116 200
116 234
118 129
118 162
120 185
120 198
121 194
125 168
125 192
127 203
128 228
130 159
131 214
131 207
132 233
133 206
135 222
136 216
136 164
137 235
137 167
138 234
139 224
140 220
141 145
141 212
142 160
142 158
144 236
145 245
146 154
149 235
150 190
151 236
152 176
153 236
153 246
154 205
155 248
155 243
156 179
158 237
158 191
161 180
168 196
168 183
171 174
171 207
172 230
173 198
173 175
177 226
182 208
183 199
185 222
186 224
190 193
192 232
196 205
197 218
199 223
200 249
201 232
203 237
208 252
215 252
216 238
216 247
217 253
218 245
219 229
221 236
223 251
224 255
235 248
240 250
244 249
