0 209
0 150
0 47
1 40
2 235
2 5
3 137
3 83
4 185
6 135
7 55
8 211
8 92
8 191
8 15
9 74
9 21
10 119
11 120
11 197
12 214
13 156
13 244
13 177
14 41
16 73
17 79
18 63
19 163
20 73
20 108
20 199
22 37
23 124
24 47
25 160
25 243
26 195
27 201
27 181
27 55
28 147
28 164
29 219
30 239
31 205
31 198
32 57
33 220
34 195
35 164
36 49
36 67
37 107
38 224
38 125
39 237
40 138
40 252
40 127
41 202
41 194
42 202
42 87
43 139
44 88
44 234
44 156
44 206
45 218
45 91
46 105
46 90
47 130
47 165
47 49
47 242
48 235
48 79
49 241
49 236
50 110
51 107
52 121
53 106
53 102
54 233
54 134
55 76
55 175
56 181
57 117
57 189
58 64
58 152
58 248
58 62
59 155
60 168
60 242
60 199
61 82
61 198
62 139
62 74
62 253
63 212
63 213
65 127
66 250
66 226
67 83
68 102
69 174
70 156
70 190
71 140
71 132
71 158
71 175
72 131
72 199
74 117
75 80
77 133
78 234
78 109
78 182
79 134
80 209
80 174
80 151
81 216
81 187
81 143
82 141
83 202
84 133
84 183
85 173
85 111
86 134
88 113
88 220
88 142
88 221
89 147
90 115
90 93
91 249
93 213
93 134
94 165
95 187
95 183
96 204
97 255
98 129
98 146
99 203
99 197
99 239
100 193
100 234
101 184
101 235
101 244
101 211
102 210
102 159
103 232
103 159
104 127
105 178
105 222
107 180
110 255
112 180
113 132
114 139
114 142
114 159
115 200
115 146
116 244
117 230
117 215
118 180
119 144
119 180
119 229
121 246
121 199
122 136
122 179
122 203
122 133
123 243
124 235
124 245
125 173
126 172
126 244
128 251
128 163
130 204
132 192
132 203
135 216
138 230
139 155
144 242
145 240
145 176
145 228
145 220
145 149
147 153
148 190
149 238
151 226
154 207
157 218
158 227
161 172
162 164
163 190
164 180
166 236
167 218
169 242
170 230
171 220
173 210
174 185
174 186
178 243
179 214
186 254
188 226
195 232
196 202
202 249
205 225
205 254
207 227
208 209
215 247
217 218
217 231
219 232
223 236
227 255
235 241
237 248
